major minor  #blocks  name

   7        0          4 loop0
   7        1      65300 loop1
   7        2      65296 loop2
   7        3      75664 loop3
   7        4      75660 loop4
   7        5     251352 loop5
   7        6     251376 loop6
   7        7     517212 loop7
 253        0  104857600 vda
 253        1  104743919 vda1
 253       14       4096 vda14
 253       15     108544 vda15
 253       16  629145600 vdb
 253       32  104857600 vdc
 253       48  104857600 vdd
 253       64  104857600 vde
 253       80   31457280 vdf
 253       81   10485760 vdf1
 253       82   10485760 vdf2
 253       96   10485760 vdg
 253      112  524288000 vdh
   7        8      93888 loop8
   7        9      89128 loop9
   7       10      91548 loop10
   7       11      45512 loop11
   7       12      52116 loop12
   7       13     528392 loop13
 259        0    5242880 pmem0
 259        1    5242880 pmem1
  11        0    2708862 sr0
