major minor  #blocks  name

   7        0          4 loop0
   7        1      65296 loop1
   7        2      65296 loop2
   7        3      75676 loop3
   7        4      75688 loop4
   7        5     251200 loop5
   7        6     251012 loop6
   7        7     517212 loop7
 253        0  104857600 vda
 253        1  104743919 vda1
 253       14       4096 vda14
 253       15     108544 vda15
 253       16  629145600 vdb
 253       32  104857600 vdc
 253       48  104857600 vdd
 253       64  104857600 vde
 253       80   31457280 vdf
 253       81   10485760 vdf1
 253       82   10485760 vdf2
 253       96   10485760 vdg
 253      112  524288000 vdh
   7        8     528392 loop8
   7        9      93888 loop9
   7       10      89128 loop10
   7       11      52120 loop11
   7       12      91548 loop12
   7       13      50476 loop13
  11        0    2708862 sr0
 259        0    5242880 pmem0
 259        1    5242880 pmem1
   1        0   23068672 ram0
 259        3   10485760 ram0p1
 259        4   10485760 ram0p2
