major minor  #blocks  name

   7        0          4 loop0
   7        1      65296 loop1
   7        2      65296 loop2
   7        3      75688 loop3
   7        4     251412 loop4
   7        5     517212 loop5
   7        6      75676 loop6
   7        7      93888 loop7
 253        0  104857600 vda
 253        1  104743919 vda1
 253       14       4096 vda14
 253       15     108544 vda15
 253       16  104857600 vdb
 253       32  314572800 vdc
 253       48  104857600 vdd
   7       16     297752 loop16
   7       12     528392 loop12
   7       11      91548 loop11
   7       13      50476 loop13
   7        9     251460 loop9
   7       15      52120 loop15
   7        8     603776 loop8
   7       14      89128 loop14
   7       10      68388 loop10
 259        0    2097152 pmem0
 259        1    2097152 pmem1
 259        2    2097152 pmem2
 259        3    2097152 pmem3
   1        0   23068672 ram0
 259        5   10485760 ram0p1
 259        6   10485760 ram0p2
 252        0    4194304 dm-0
 252        1    4194304 dm-1
 252        2   10485760 dm-2
 252        3   10485760 dm-3
