major minor  #blocks  name

   7        0          4 loop0
   7        1      65296 loop1
   7        2      65296 loop2
   7        3      75676 loop3
   7        4      75688 loop4
   7        5      68388 loop5
   7        6     251412 loop6
   7        7     251460 loop7
 253        0  104857600 vda
 253        1  104743919 vda1
 253       14       4096 vda14
 253       15     108544 vda15
 253       16  629145600 vdb
 253       32  104857600 vdc
 253       48   10485760 vdd
 253       64   10485760 vde
 253       80   31457280 vdf
 253       81   10485760 vdf1
 253       82   10485760 vdf2
 253       96   10485760 vdg
 253      112  524288000 vdh
   7        8     517212 loop8
   7        9     528392 loop9
   7       10     603776 loop10
   7       11      93888 loop11
   7       12      89128 loop12
   7       13      91548 loop13
   7       14     297752 loop14
   7       15      52120 loop15
   7       16      50476 loop16
  11        0    2708862 sr0
 259        0    5242880 pmem0
 259        1    5242880 pmem1
