major minor  #blocks  name

   7        0      65276 loop0
   7        1      65296 loop1
   7        2      89128 loop2
   7        3      91548 loop3
   7        4      52120 loop4
   7        5      50476 loop5
  11        0    1048575 sr0
  11        1    1048575 sr1
 252        0   52428800 vda
 252        1   52315119 vda1
 252       14       4096 vda14
 252       15     108544 vda15
 252       16  629145600 vdb
 252       32   10485760 vdc
 252       48   10485760 vdd
 252       64   10485760 vde
 252       80   10485760 vdf
 252       96  419430400 vdg
 259        0    5242880 pmem0
 259        1    5242880 pmem1
 259        2  104857600 pmem2
